0.0 0.0
0.020000000000000004 0.0
0.04000000000000001 0.0
0.06000000000000001 0.0
0.08000000000000002 0.0
0.1 0.0
0.12000000000000002 0.0
0.14 0.0
0.16000000000000003 7.603784988454151e-07
0.18000000000000002 0.00024214603375319996
0.2 0.0053093143535313005
0.22000000000000003 0.025070818456902053
0.24000000000000005 0.05498820233931116
0.26 0.17590345262860047
0.28 1.0077832249735572
0.30000000000000004 2.8628334352464586
0.32000000000000006 3.7225775468401174
0.3400000000000001 2.9180244794297288
0.36000000000000004 1.8187408087513361
0.38000000000000006 1.1146972415812917
0.4 0.7437179702214045
0.42000000000000004 0.535362455937363
0.44000000000000006 0.4224036487274959
0.4600000000000001 0.3804377896623823
0.4800000000000001 0.4106077646101218
0.5 0.48361911525828805
0.52 0.6439523148920505
0.54 0.9562476229155172
0.56 1.470928029973968
0.5800000000000001 1.948003074894789
0.6000000000000001 2.009830652058791
0.6200000000000001 1.726301856732937
0.6400000000000001 1.3863558739387662
0.6600000000000001 1.1463068232947502
0.6800000000000002 1.0023289270490356
0.7000000000000001 0.9431259516425354
0.7200000000000001 0.915356060634277
0.7400000000000001 0.8882839511528575
0.7600000000000001 0.9047419602831133
0.7800000000000001 0.9281789385282141
0.8 0.9663489109112573
0.8200000000000002 1.03119462542369
0.8400000000000001 1.1251511719990082
0.86 1.203378473672755
0.8800000000000001 1.2635494646753003
0.9 1.2940814006168173
0.9200000000000002 1.3088235806435513
0.9400000000000001 1.2728236543421152
0.9600000000000002 1.2154789636323078
0.9800000000000001 1.1561832459720138
1.0 1.0874216131703411
1.0200000000000002 1.0373993851247334
1.04 1.003432349478629
1.0600000000000003 0.9854855990622362
1.08 1.012466980138162
1.1 1.03420118537256
1.12 1.0702302562464736
1.1400000000000001 1.1433437444484085
1.1600000000000001 1.1920165175799489
1.1800000000000002 1.212836611713754
1.2000000000000002 1.204098744894512
1.2200000000000002 1.194116989426496
1.2400000000000002 1.1474110388889587
1.2600000000000002 1.1235737612213361
1.2800000000000002 1.1110737742369123
1.3 1.067920635916133
1.3200000000000003 1.0617214580860987
1.34 1.0640059799367143
1.3600000000000003 1.0818224528176725
1.3800000000000001 1.0941535127228925
1.4000000000000001 1.114607157315012
1.4200000000000002 1.1292476149998945
1.4400000000000002 1.1337877188172847
1.4600000000000002 1.136306927132301
1.4800000000000002 1.1387394889352753
1.5 1.1119975704804475
1.5200000000000002 1.0905091947785963
1.54 1.071281066700128
1.5600000000000003 1.0551418131700812
1.58 1.0468299712229876
1.6 1.0554508010595742
1.62 1.0511905744885999
1.6400000000000003 1.052623014044968
1.6600000000000001 1.0640377519898396
1.6800000000000002 1.0723882788524195
1.7000000000000002 1.0819730195710084
1.72 1.0749995690824674
1.7400000000000002 1.052776407587043
1.7600000000000002 1.0243641018884824
1.7800000000000002 0.977331677733841
1.8 0.9111433184222021
1.82 0.8369039693555149
1.8400000000000003 0.7410197391170614
1.8600000000000003 0.6550919219215239
1.8800000000000001 0.5571705512797792
1.9000000000000001 0.4635566678291878
1.9200000000000004 0.3867736359498223
1.9400000000000004 0.31593049082060304
1.9600000000000002 0.25075522364850855
1.9800000000000002 0.19536695264474527
2.0 0.14442450521757624
2.0200000000000005 0.1052112607409281
2.0400000000000005 0.07581040412110693
2.06 0.053810683092612735
2.08 0.03540653194844874
2.1 0.02346842055531571
2.1200000000000006 0.014228076297144418
2.14 0.008900490422777128
2.16 0.005635059138791941
2.18 0.0029069632883681022
2.2 0.0017960903216414793
2.22 0.0012008807782119143
2.24 0.0007207164844178294
2.2600000000000002 0.00028242421782410975
2.2800000000000002 6.925064338719378e-05
2.3000000000000003 3.581558116019277e-05
2.3200000000000003 1.787075643620818e-05
2.3400000000000003 1.2433009551165244e-05
2.3600000000000003 6.063354760390526e-06
2.3800000000000003 2.369839851016482e-07
2.4000000000000004 3.687484302672442e-07
2.4200000000000004 4.1337521507656253e-07
2.4400000000000004 1.0274781487114908e-07
2.4600000000000004 7.832442846079936e-09
2.4800000000000004 0.0
2.5 0.0
2.5200000000000005 0.0
2.5400000000000005 0.0
2.5600000000000005 0.0
2.58 0.0
2.6 0.0
2.6200000000000006 0.0
2.6400000000000006 0.0
2.66 0.0
2.68 0.0
2.7 0.0
2.7200000000000006 0.0
2.74 0.0
2.7600000000000002 0.0
2.7800000000000002 0.0
2.8000000000000003 0.0
2.8200000000000003 0.0
2.8400000000000003 0.0
2.8600000000000003 0.0
2.8800000000000003 0.0
2.9000000000000004 0.0
2.9200000000000004 0.0
2.9400000000000004 0.0
2.9600000000000004 0.0
2.9800000000000004 0.0
3.0 0.0
3.0200000000000005 0.0
3.0400000000000005 0.0
3.0600000000000005 0.0
3.08 0.0
3.1 0.0
3.1200000000000006 0.0
3.1400000000000006 0.0
3.16 0.0
3.18 0.0
3.2 0.0
3.2200000000000006 0.0
3.24 0.0
3.2600000000000002 0.0
3.2800000000000007 0.0
3.3000000000000003 0.0
3.3200000000000003 0.0
3.34 0.0
3.3600000000000003 0.0
3.380000000000001 0.0
3.4000000000000004 0.0
3.4200000000000004 0.0
3.44 0.0
3.4600000000000004 0.0
3.4800000000000004 0.0
3.5 0.0
3.5200000000000005 0.0
3.54 0.0
3.5600000000000005 0.0
3.5800000000000005 0.0
3.6 0.0
3.6200000000000006 0.0
3.64 0.0
3.66 0.0
3.6800000000000006 0.0
3.7 0.0
3.7200000000000006 0.0
3.74 0.0
3.7600000000000002 0.0
3.7800000000000007 0.0
3.8000000000000003 0.0
3.8200000000000003 0.0
3.8400000000000007 0.0
3.8600000000000003 0.0
3.880000000000001 0.0
3.9000000000000004 0.0
3.9200000000000004 0.0
3.940000000000001 0.0
3.9600000000000004 0.0
3.9800000000000004 0.0
4.0 0.0
4.0200000000000005 0.0
4.040000000000001 0.0
4.0600000000000005 0.0
4.080000000000001 0.0
4.1000000000000005 0.0
4.12 0.0
4.140000000000001 0.0
4.16 0.0
4.180000000000001 0.0
4.2 0.0
4.220000000000001 0.0
4.240000000000001 0.0
4.260000000000001 0.0
4.28 0.0
4.3 0.0
4.32 0.0
4.340000000000001 0.0
4.36 0.0
4.380000000000001 0.0
4.4 0.0
4.420000000000001 0.0
4.44 0.0
4.46 0.0
4.48 0.0
4.5 0.0
4.5200000000000005 0.0
4.540000000000001 0.0
4.5600000000000005 0.0
4.580000000000001 0.0
4.6000000000000005 0.0
4.62 0.0
4.640000000000001 0.0
4.66 0.0
4.680000000000001 0.0
4.7 0.0
4.720000000000001 0.0
4.740000000000001 0.0
4.760000000000001 0.0
4.78 0.0
4.800000000000001 0.0
4.82 0.0
4.840000000000001 0.0
4.86 0.0
4.880000000000001 0.0
4.9 0.0
4.920000000000001 0.0
4.940000000000001 0.0
4.960000000000001 0.0
4.98 0.0
